103105661 0.316837
103107661 0.295716
103109661 0.334280
103111661 0.314388
103113661 0.336802
103115661 0.329732
103117661 0.321077
103119661 0.260008
103121661 0.191255
103123661 0.194888
103125661 0.180229
103127661 0.164152
103129661 0.109123
103131661 0.204761
103133661 0.529860
103135661 0.564181
103137661 0.614226
103139661 0.610309
103141661 0.679397
103143661 0.710280
103145661 0.729429
103147661 0.724001
103149661 0.707943
103151661 0.708854
103153661 0.716630
103155661 0.740182
103157661 0.739914
103159661 0.744752
103161661 0.744742
103163661 0.720762
103165661 0.670630
103167661 0.574172
103169661 0.504440
103171661 0.430677
103173661 0.412860
103175661 0.413564
103177661 0.441210
103179661 0.477730
103181661 0.669685
103183661 0.701620
103185661 0.715616
103187661 0.622198
103189661 0.565321
103191661 0.511298
103193661 0.481982
103195661 0.448569
103197661 0.395908
103199661 0.345359
103201661 0.310417
103203661 0.263298
103205661 0.351595
103207661 0.421065
103209661 0.474317
103211661 0.476596
103213661 0.473483
103215661 0.485308
103217661 0.484857
103219661 0.497604
103221661 0.470838
103223661 0.450674
103225661 0.404273
103227661 0.367153
103229661 0.372934
103231661 0.397381
103233661 0.421371
103235661 0.402549
103237661 0.345707
103239661 0.265101
103241661 0.209383
103243661 0.240549
103245661 0.242777
103247661 0.249436
103249661 0.168305
103251661 0.180642
103253661 0.229922
103255661 0.264634
103257661 0.276177
103259661 0.347988
103261661 0.364612
103263661 0.373127
103265661 0.318287
103267661 0.285991
103269661 0.258726
103271661 0.210499
103273661 0.183174
103275661 0.237498
103277661 0.347203
103279661 0.364946
103281661 0.366251
103283661 0.307260
103285661 0.330334
103287661 0.308077
103289661 0.296712
103291661 0.265973
103293661 0.281393
103295661 0.280450
103297661 0.276662
103299661 0.229623
103301661 0.190322
103303661 0.123094
103305661 0.111334
103307661 0.120476
103309661 0.114351
103311661 0.119941
103313661 0.566725
103315661 0.768377
103317661 0.905377
103319661 0.941383
103321661 0.959661
103323661 0.925596
103325661 0.921817
103327661 0.897103
103329661 0.876324
103331661 0.825516
103333661 0.755404
103335661 0.679112
103337661 0.604597
103339661 0.525242
103341661 0.465173
103343661 0.498768
103345661 0.602102
103347661 0.660803
103349661 0.681828
103351661 0.672544
103353661 0.634000
103355661 0.585959
103357661 0.491709
103359661 0.430589
103361661 0.356210
103363661 0.285785
103365661 0.222840
103367661 0.154196
103369661 0.110947
103371661 0.136762
103373661 0.153225
103375661 0.165730
103377661 0.134188
103379661 0.104757
103381661 0.073508
103383661 0.050795
103385661 0.097746
103387661 0.135000
103389661 0.173032
103391661 0.160976
103393661 0.138326
103395661 0.085959
103397661 0.106185
103399661 0.101662
103401661 0.095762
103403661 0.044556
103405661 0.227688
103407661 0.393496
103409661 0.574970
103411661 0.608256
103413661 0.615151
103415661 0.555195
103417661 0.542928
103419661 0.518855
103421661 0.472570
103423661 0.411019
103425661 0.383058
103427661 0.356758
103429661 0.304302
103431661 0.238903
103433661 0.193041
103435661 0.170939
103437661 0.168608
103439661 0.186987
103441661 0.273482
103443661 0.278774
103445661 0.284527
103447661 0.200768
103449661 0.168230
103451661 0.122061
103453661 0.127687
103455661 0.166231
103457661 0.229676
103459661 0.311188
103461661 0.356392
103463661 0.386387
103465661 0.419470
103467661 0.416170
103469661 0.490164
103471661 0.555076
103473661 0.576093
103475661 0.549899
103477661 0.473151
103479661 0.418363
103481661 0.513559
103483661 0.738944
103485661 0.866880
103487661 0.930757
103489661 0.946820
103491661 0.954701
103493661 0.952511
103495661 0.953380
103497661 0.936772
103499661 0.924570
103501661 0.918858
103503661 0.914941
103505661 0.903698
103507661 0.873384
103509661 0.822381
103511661 0.787354
103513661 0.771317
103515661 0.828567
103517661 0.866458
103519661 0.889173
103521661 0.876743
103523661 0.856937
103525661 0.865369
103527661 0.883288
103529661 0.880525
103531661 0.865346
103533661 0.857125
103535661 0.868895
103537661 0.861617
103539661 0.829796
103541661 0.790355
103543661 0.807225
103545661 0.821072
103547661 0.866906
103549661 0.876635
103551661 0.889388
103553661 0.881336
103555661 0.857827
103557661 0.823496
103559661 0.779434
103561661 0.757975
103563661 0.734296
103565661 0.679937
103567661 0.657995
103569661 0.645060
103571661 0.644657
103573661 0.609899
103575661 0.633920
103577661 0.633048
103579661 0.620916
103581661 0.607683
103583661 0.645013
103585661 0.683903
103587661 0.709702
103589661 0.707105
103591661 0.717108
103593661 0.709980
103595661 0.737735
103597661 0.763588
103599661 0.789697
103601661 0.832499
103603661 0.854790
103605661 0.876090
103607661 0.850649
103609661 0.876041
103611661 0.891308
103613661 0.905910
103615661 0.875250
103617661 0.846161
103619661 0.872194
103621661 0.879995
103623661 0.886250
103625661 0.850368
103627661 0.844688
103629661 0.827699
103631661 0.824745
103633661 0.818739
103635661 0.796830
103637661 0.772360
103639661 0.752032
103641661 0.755056
103643661 0.765099
103645661 0.734844
103647661 0.726055
103649661 0.723880
103651661 0.745657
103653661 0.745378
103655661 0.753730
103657661 0.748472
103659661 0.757433
103661661 0.719804
103663661 0.706020
103665661 0.693189
103667661 0.684548
103669661 0.666285
103671661 0.646560
103673661 0.671837
103675661 0.722367
103677661 0.786424
103679661 0.806907
103681661 0.822953
103683661 0.815479
103685661 0.840692
103687661 0.856408
103689661 0.948937
103691661 0.976028
103693661 1.000000
103695661 0.976339
103697661 0.961689
103699661 0.929885
103701661 0.884182
103703661 0.850666
103705661 0.821474
103707661 0.820266
103709661 0.801711
103711661 0.785603
103713661 0.723502
103715661 0.701846
103717661 0.672141
103719661 0.662516
103721661 0.646142
103723661 0.645114
103725661 0.630308
103727661 0.644711
103729661 0.669816
103731661 0.693433
103733661 0.716133
103735661 0.765664
103737661 0.804828
103739661 0.802722
103741661 0.776936
103743661 0.741633
103745661 0.715223
103747661 0.688955
103749661 0.640157
103751661 0.630366
103753661 0.609677
103755661 0.650567
103757661 0.640928
103759661 0.638798
103761661 0.575243
103763661 0.540639
103765661 0.546350
103767661 0.547030
103769661 0.598515
103771661 0.612681
103773661 0.649950
103775661 0.634231
103777661 0.609501
103779661 0.565963
103781661 0.558254
103783661 0.569343
103785661 0.575546
103787661 0.618450
103789661 0.652403
103791661 0.707205
103793661 0.739458
103795661 0.753175
103797661 0.733014
103799661 0.703824
103801661 0.682763
103803661 0.696563
103805661 0.705794
103807661 0.701105
103809661 0.691172
103811661 0.646608
103813661 0.695641
103815661 0.821503
103817661 0.931309
103819661 0.974229
103821661 0.977086
103823661 0.930389
103825661 0.868164
103827661 0.783358
103829661 0.731349
103831661 0.718760
103833661 0.734174
103835661 0.733928
103837661 0.709901
103839661 0.672775
103841661 0.654391
103843661 0.623035
103845661 0.641921
103847661 0.628252
103849661 0.645842
103851661 0.607195
103853661 0.615966
103855661 0.598354
103857661 0.610266
103859661 0.608865
103861661 0.703110
103863661 0.718822
103865661 0.736034
103867661 0.666266
103869661 0.627930
103871661 0.594960
103873661 0.649697
103875661 0.794972
103877661 0.826810
103879661 0.839470
103881661 0.778905
103883661 0.743264
103885661 0.694830
103887661 0.642033
103889661 0.580967
103891661 0.557583
103893661 0.665190
103895661 0.686084
103897661 0.695265
103899661 0.619109
103901661 0.617900
103903661 0.611247
103905661 0.645063
103907661 0.735058
103909661 0.776379
103911661 0.788267
103913661 0.796048
103915661 0.799923
103917661 0.806263
103919661 0.763696
103921661 0.730794
103923661 0.685634
103925661 0.639409
103927661 0.577100
103929661 0.556729
103931661 0.616558
103933661 0.639151
103935661 0.652355
103937661 0.604074
103939661 0.639892
103941661 0.626710
103943661 0.630877
103945661 0.544559
103947661 0.492546
103949661 0.410770
103951661 0.361334
103953661 0.291957
103955661 0.253039
103957661 0.195894
103959661 0.237728
103961661 0.232302
103963661 0.234784
103965661 0.170653
103967661 0.190336
103969661 0.179370
103971661 0.167040
103973661 0.121097
103975661 0.109336
103977661 0.126514
103979661 0.458899
103981661 0.522802
103983661 0.552455
103985661 0.573101
103987661 0.590012
103989661 0.732001
103991661 0.781111
103993661 0.811372
103995661 0.783342
103997661 0.749207
103999661 0.729718
104001661 0.710351
104003661 0.694875
104005661 0.665734
104007661 0.645368
104009661 0.656050
104011661 0.656144
104013661 0.652903
104015661 0.623289
104017661 0.589919
104019661 0.557912
104021661 0.540652
104023661 0.563829
104025661 0.575937
104027661 0.576632
104029661 0.576126
104031661 0.611270
104033661 0.615510
104035661 0.609013
104037661 0.604089
104039661 0.668192
104041661 0.708858
104043661 0.712649
104045661 0.667852
104047661 0.597833
104049661 0.530840
104051661 0.483942
104053661 0.470186
104055661 0.451250
104057661 0.491413
104059661 0.504783
104061661 0.519320
104063661 0.543515
104065661 0.588570
104067661 0.605281
104069661 0.588363
104071661 0.528423
104073661 0.465870
104075661 0.418402
104077661 0.376260
104079661 0.360960
104081661 0.323457
104083661 0.329061
104085661 0.305155
104087661 0.266387
104089661 0.224159
104091661 0.220258
104093661 0.231822
104095661 0.215243
104097661 0.193096
104099661 0.215392
104101661 0.000000
104103661 0.322557
