103105661 0.453386
103107661 0.324872
103109661 0.363893
103111661 0.335868
103113661 0.487486
103115661 0.508516
103117661 0.523478
103119661 0.430538
103121661 0.367510
103123661 0.297414
103125661 0.246346
103127661 0.192143
103129661 0.126726
103131661 0.064882
103133661 0.054146
103135661 0.028133
103137661 0.042909
103139661 0.031352
103141661 0.070866
103143661 0.075272
103145661 0.137832
103147661 0.246812
103149661 0.263767
103151661 0.268940
103153661 0.237677
103155661 0.256211
103157661 0.277668
103159661 0.255391
103161661 0.276719
103163661 0.252096
103165661 0.245291
103167661 0.169618
103169661 0.132122
103171661 0.290041
103173661 0.401625
103175661 0.427261
103177661 0.411864
103179661 0.349346
103181661 0.353357
103183661 0.331204
103185661 0.313404
103187661 0.281514
103189661 0.428236
103191661 0.479599
103193661 0.501695
103195661 0.487520
103197661 0.513881
103199661 0.546354
103201661 0.552073
103203661 0.542769
103205661 0.522361
103207661 0.498231
103209661 0.452238
103211661 0.393033
103213661 0.356880
103215661 0.324898
103217661 0.307359
103219661 0.392971
103221661 0.483344
103223661 0.513508
103225661 0.594881
103227661 0.589487
103229661 0.641888
103231661 0.620153
103233661 0.634728
103235661 0.587378
103237661 0.562341
103239661 0.556162
103241661 0.557772
103243661 0.658446
103245661 0.687757
103247661 0.706346
103249661 0.689253
103251661 0.713809
103253661 0.721410
103255661 0.708926
103257661 0.660550
103259661 0.652575
103261661 0.636337
103263661 0.640013
103265661 0.622554
103267661 0.599312
103269661 0.559640
103271661 0.513464
103273661 0.493086
103275661 0.504525
103277661 0.532958
103279661 0.552093
103281661 0.535586
103283661 0.501957
103285661 0.498840
103287661 0.502305
103289661 0.540394
103291661 0.576292
103293661 0.616930
103295661 0.682759
103297661 0.764809
103299661 0.791813
103301661 0.792669
103303661 0.755855
103305661 0.736259
103307661 0.698869
103309661 0.645520
103311661 0.563708
103313661 0.502141
103315661 0.426991
103317661 0.366602
103319661 0.311599
103321661 0.275695
103323661 0.247790
103325661 0.224328
103327661 0.212914
103329661 0.190240
103331661 0.170064
103333661 0.139981
103335661 0.198367
103337661 0.223167
103339661 0.238804
103341661 0.240270
103343661 0.238213
103345661 0.244194
103347661 0.212999
103349661 0.191523
103351661 0.187341
103353661 0.306141
103355661 0.517420
103357661 0.638368
103359661 0.690197
103361661 0.702089
103363661 0.688295
103365661 0.676633
103367661 0.674748
103369661 0.691974
103371661 0.731702
103373661 0.735046
103375661 0.732653
103377661 0.713728
103379661 0.723413
103381661 0.720101
103383661 0.740769
103385661 0.750656
103387661 0.751837
103389661 0.728509
103391661 0.723855
103393661 0.712630
103395661 0.684311
103397661 0.613903
103399661 0.549832
103401661 0.485279
103403661 0.431816
103405661 0.382830
103407661 0.345748
103409661 0.320804
103411661 0.299292
103413661 0.288975
103415661 0.299603
103417661 0.427480
103419661 0.444236
103421661 0.449920
103423661 0.358919
103425661 0.320576
103427661 0.276676
103429661 0.303443
103431661 0.410588
103433661 0.423896
103435661 0.440042
103437661 0.380026
103439661 0.382973
103441661 0.449034
103443661 0.478890
103445661 0.532364
103447661 0.652218
103449661 0.729411
103451661 0.751353
103453661 0.808480
103455661 0.824893
103457661 0.879978
103459661 0.897824
103461661 0.940657
103463661 0.951421
103465661 0.959840
103467661 0.930509
103469661 0.921012
103471661 0.904167
103473661 0.910643
103475661 0.881045
103477661 0.887642
103479661 0.892842
103481661 0.894609
103483661 0.844841
103485661 0.767497
103487661 0.694044
103489661 0.618125
103491661 0.547257
103493661 0.485362
103495661 0.446573
103497661 0.421707
103499661 0.405477
103501661 0.375827
103503661 0.372306
103505661 0.357971
103507661 0.346646
103509661 0.299069
103511661 0.239991
103513661 0.222182
103515661 0.247245
103517661 0.252164
103519661 0.242602
103521661 0.216304
103523661 0.219183
103525661 0.211343
103527661 0.187747
103529661 0.160030
103531661 0.145477
103533661 0.159524
103535661 0.174078
103537661 0.187903
103539661 0.185734
103541661 0.175478
103543661 0.178487
103545661 0.154869
103547661 0.172185
103549661 0.240860
103551661 0.259144
103553661 0.329083
103555661 0.320551
103557661 0.428439
103559661 0.591120
103561661 0.624323
103563661 0.641817
103565661 0.594760
103567661 0.631464
103569661 0.645027
103571661 0.654275
103573661 0.628121
103575661 0.647423
103577661 0.681584
103579661 0.684320
103581661 0.678621
103583661 0.655563
103585661 0.671125
103587661 0.697769
103589661 0.724313
103591661 0.752849
103593661 0.748993
103595661 0.738966
103597661 0.734613
103599661 0.752255
103601661 0.813484
103603661 0.850445
103605661 0.869380
103607661 0.846259
103609661 0.832650
103611661 0.792082
103613661 0.763190
103615661 0.663862
103617661 0.604136
103619661 0.520565
103621661 0.453365
103623661 0.379876
103625661 0.315807
103627661 0.260975
103629661 0.207482
103631661 0.161217
103633661 0.216137
103635661 0.222539
103637661 0.241335
103639661 0.188572
103641661 0.171178
103643661 0.131633
103645661 0.097584
103647661 0.079059
103649661 0.089717
103651661 0.094259
103653661 0.078411
103655661 0.081655
103657661 0.113237
103659661 0.148010
103661661 0.136710
103663661 0.099126
103665661 0.055842
103667661 0.080809
103669661 0.117593
103671661 0.119436
103673661 0.110017
103675661 0.094649
103677661 0.174550
103679661 0.211426
103681661 0.222294
103683661 0.191038
103685661 0.167139
103687661 0.324210
103689661 0.352356
103691661 0.365968
103693661 0.310964
103695661 0.298517
103697661 0.302720
103699661 0.272941
103701661 0.250611
103703661 0.231622
103705661 0.233126
103707661 0.245929
103709661 0.228974
103711661 0.214162
103713661 0.172403
103715661 0.171166
103717661 0.191712
103719661 0.193543
103721661 0.192210
103723661 0.142512
103725661 0.124680
103727661 0.147356
103729661 0.178792
103731661 0.208797
103733661 0.208484
103735661 0.207212
103737661 0.182536
103739661 0.135684
103741661 0.104107
103743661 0.104018
103745661 0.114710
103747661 0.108033
103749661 0.112792
103751661 0.098280
103753661 0.089474
103755661 0.122966
103757661 0.149134
103759661 0.152212
103761661 0.105523
103763661 0.153198
103765661 0.220458
103767661 0.254109
103769661 0.258392
103771661 0.244228
103773661 0.256867
103775661 0.233210
103777661 0.212678
103779661 0.153616
103781661 0.137263
103783661 0.113276
103785661 0.092346
103787661 0.092185
103789661 0.090316
103791661 0.121137
103793661 0.155743
103795661 0.211454
103797661 0.212298
103799661 0.226404
103801661 0.206429
103803661 0.221782
103805661 0.203794
103807661 0.191919
103809661 0.159729
103811661 0.112286
103813661 0.070478
103815661 0.126166
103817661 0.147492
103819661 0.159371
103821661 0.149439
103823661 0.211903
103825661 0.256354
103827661 0.270469
103829661 0.246165
103831661 0.215084
103833661 0.172484
103835661 0.149664
103837661 0.116965
103839661 0.108211
103841661 0.087722
103843661 0.068426
103845661 0.067577
103847661 0.050325
103849661 0.028879
103851661 0.029719
103853661 0.028833
103855661 0.022584
103857661 0.062596
103859661 0.087771
103861661 0.217883
103863661 0.222338
103865661 0.251159
103867661 0.177630
103869661 0.159342
103871661 0.076391
103873661 0.102920
103875661 0.099254
103877661 0.109150
103879661 0.072878
103881661 0.049623
103883661 0.058380
103885661 0.049516
103887661 0.041217
103889661 0.002593
103891661 0.000000
103893661 0.043711
103895661 0.202590
103897661 0.236053
103899661 0.249816
103901661 0.180347
103903661 0.182211
103905661 0.165809
103907661 0.186271
103909661 0.147104
103911661 0.133889
103913661 0.090690
103915661 0.146930
103917661 0.159830
103919661 0.164264
103921661 0.142441
103923661 0.133424
103925661 0.121525
103927661 0.068329
103929661 0.057748
103931661 0.071916
103933661 0.082354
103935661 0.121047
103937661 0.139998
103939661 0.217970
103941661 0.219763
103943661 0.339069
103945661 0.348850
103947661 0.377228
103949661 0.375455
103951661 0.591035
103953661 0.732871
103955661 0.823993
103957661 0.912732
103959661 0.973444
103961661 1.000000
103963661 0.992515
103965661 0.953488
103967661 0.920619
103969661 0.912757
103971661 0.937465
103973661 0.953266
103975661 0.942594
103977661 0.900746
103979661 0.829402
103981661 0.750090
103983661 0.676696
103985661 0.603464
103987661 0.533602
103989661 0.465763
103991661 0.392965
103993661 0.345853
103995661 0.305849
103997661 0.275512
103999661 0.240150
104001661 0.219358
104003661 0.203950
104005661 0.204975
104007661 0.179332
104009661 0.181598
104011661 0.194434
104013661 0.201031
104015661 0.219296
104017661 0.239749
104019661 0.243926
104021661 0.229449
104023661 0.157600
104025661 0.125137
104027661 0.088754
104029661 0.060313
104031661 0.044397
104033661 0.057060
104035661 0.063567
104037661 0.108229
104039661 0.165496
104041661 0.246286
104043661 0.255239
104045661 0.237459
104047661 0.159157
104049661 0.141316
104051661 0.128223
104053661 0.149615
104055661 0.129028
104057661 0.150394
104059661 0.132773
104061661 0.126312
104063661 0.101682
104065661 0.135085
104067661 0.149282
104069661 0.159977
104071661 0.198442
104073661 0.223488
104075661 0.373090
104077661 0.475591
104079661 0.625655
104081661 0.736794
104083661 0.829897
104085661 0.834424
104087661 0.813154
104089661 0.709761
104091661 0.657410
104093661 0.588067
104095661 0.539482
104097661 0.485342
104099661 0.426998
104101661 0.195270
104103661 0.369690
